5 4 11 1 9 19 12 42 129 130 31.65 41.77 26.58 -9.3
2 2 15 4 14 19 15 49 181 165 42.72 38.5 18.78 -13.1
0 2 10 1 8 18 7 33 97 105 27.95 45.41 26.64 -6.4
5 13 6 10 14 1 25 78 187 108 35.18 35.18 29.64 -5.3
7 7 12 4 10 20 16 72 201 167 36.32 34.94 28.74 -12.1
5 5 6 1 10 9 10 40 134 138 30.59 42.54 26.87 -6.5
2 9 14 1 8 14 6 38 138 168 31.53 35.35 33.12 -8.9
2 6 17 6 18 13 17 82 297 215 41.71 35.68 22.61 -11.6
9 3 15 0 4 13 6 41 121 98 28.83 41.24 29.93 -9.7
1 5 15 2 10 11 16 50 143 102 43.75 33.59 22.66 -10.5
3 8 17 0 13 25 17 68 206 212 38.22 36.78 25 -15.1
3 8 19 0 11 18 15 56 198 123 39.7 39.71 20.59 -10.7
3 11 12 5 11 8 15 59 188 173 35.21 33.85 30.94 -9.8
1 17 14 7 19 10 26 92 227 148 47.8 31.37 20.83 -11.7
3 6 21 0 4 16 9 45 173 148 38.87 35.97 25.16 -7.9
17 12 15 5 8 6 19 85 221 110 26.09 42.75 31.16 -8.3
0 6 7 5 11 20 11 34 130 120 40.75 38.77 20.48 -10.3
3 5 12 2 7 5 11 41 118 91 28.74 37.16 34.1 -7.4
24 14 20 9 24 17 33 138 320 234 26.12 43.75 30.13 -15.6
5 3 10 1 10 14 11 44 144 146 27.49 44.27 28.24 -10.1
4 6 9 3 17 12 14 57 149 158 29.7 29.09 41.21 -18.6
8 7 7 1 8 8 11 53 101 54 29.83 36.95 33.22 -7.4
5 5 24 5 21 33 18 95 311 236 30.58 40.43 28.99 -13.8
2 2 8 7 11 9 7 34 112 117 37.56 35.61 26.83 -10.4
5 2 13 0 2 12 8 17 88 94 21.86 44.37 33.77 -8.1
6 7 14 3 11 19 17 78 242 158 40.61 35.81 23.58 -13.1
4 5 9 0 9 19 11 43 129 136 33.33 41.18 25.49 -6.5
4 6 10 0 7 9 6 24 72 92 26.36 38.82 34.82 -6.8
12 2 22 0 11 23 24 66 197 219 30.31 40 29.69 -11.7
6 9 3 4 5 6 13 50 118 86 33.19 33.33 33.48 -7.4
13 11 27 4 18 9 36 108 268 167 30.41 38.63 30.96 -15.8
2 2 8 4 17 13 7 34 143 146 31.25 35.1 33.65 -7.5
1 4 8 0 3 16 4 16 68 117 31.79 30.46 37.75 -8.1
10 12 14 2 15 10 24 72 224 137 40.81 34.83 24.36 -13.6
9 15 24 2 9 24 24 77 227 224 32.18 40.83 26.99 -12.8
1 3 14 0 6 13 8 30 123 140 33.27 34.18 32.55 -11.1
14 12 13 5 16 22 14 68 217 177 25.89 33.61 40.5 -12.8
7 2 11 2 13 12 8 34 111 102 42.86 37.66 19.48 -10.7
6 7 13 3 9 16 10 38 149 107 31.19 38.1 30.71 -10
4 4 6 0 5 9 10 32 88 83 38.18 33.94 27.88 -8.9
4 6 11 9 17 16 21 71 207 228 40.46 34.54 25 -11.5
7 5 6 3 6 10 18 43 134 84 32.46 29.32 38.22 -7.8
14 16 16 2 5 10 21 71 179 140 35.07 36.31 28.62 -11.2
5 4 12 10 14 7 15 57 174 108 45.63 33.01 21.36 -9.6
3 8 6 6 8 9 11 49 139 88 31.79 37.14 31.07 -7.5
5 5 13 10 12 8 15 61 186 127 45.06 32.66 22.28 -13.6
3 8 21 0 15 18 20 73 219 162 47.1 34.88 18.02 -15.6
5 5 6 2 15 9 12 49 162 111 38.12 35.12 26.76 -9.5
14 6 11 0 1 1 20 43 126 71 35.22 25.79 38.99 -7.2
1 8 6 3 18 26 16 55 178 153 46.67 37.14 16.19 -14.2
0 2 9 6 12 9 9 44 122 107 35.68 35.67 28.65 -4.3
4 5 8 1 4 13 8 36 124 98 27.59 33.77 38.64 -8.1
0 6 13 2 11 9 19 51 157 109 45.67 31.89 22.44 -11.5
7 9 13 2 2 7 18 50 144 131 41.26 34.47 24.27 -12.5
18 14 16 5 9 3 41 104 267 150 29.74 35.29 34.97 -7.1
5 11 17 2 9 15 16 62 162 156 31.76 39.19 29.05 -11.2
3 4 11 2 17 20 14 48 149 154 34.79 30.43 34.78 -7
2 3 14 1 11 10 10 49 135 118 28.03 38.26 33.71 -9.1
4 10 18 5 19 14 14 62 217 167 30.08 31.95 37.97 -10.2
3 2 16 2 13 19 13 43 142 138 44.01 34.62 21.37 -11.7
1 6 16 2 13 8 14 50 131 125 37.72 35.96 26.32 -10.6
2 6 5 6 6 10 10 38 99 73 39.44 30.68 29.88 -6.7
9 7 9 2 21 22 14 51 202 162 27.78 40.28 31.94 -9.8
2 4 3 2 4 15 11 30 94 126 28.97 39.28 31.75 -7.2
9 4 9 2 12 6 9 47 167 90 30.47 35.62 33.91 -12.1
8 15 29 4 11 16 17 59 210 191 33.25 43.88 22.87 -10.2
6 8 9 1 6 10 4 40 140 137 32.47 40.26 27.27 -11
7 5 13 2 16 9 18 65 194 130 39.11 31.84 29.05 -12.3
3 1 13 1 4 20 4 15 83 91 24.53 45.75 29.72 -7.4
5 4 17 4 15 17 12 58 192 154 38.5 36.41 25.09 -12.7
1 2 11 0 2 10 4 16 77 83 27.18 34.78 38.04 -5.7
9 2 6 3 4 1 8 26 64 46 30.87 35.37 33.76 -6.8
8 3 2 2 5 8 2 22 58 44 32.81 34.7 32.49 -7.9
4 8 19 1 11 15 17 56 204 128 42.99 38.65 18.36 -7.5
0 4 4 8 18 11 12 51 126 92 43.16 38.02 18.82 -12.3
0 4 4 7 16 15 12 50 126 93 43.68 37.93 18.39 -7.4
8 8 11 2 17 9 13 61 183 169 23.13 27.21 49.66 -10.7
2 5 4 5 8 9 7 35 120 85 41.04 29.48 29.48 -9.6
5 7 10 2 10 13 17 42 155 111 28.77 35.73 35.5 -8.8
2 4 12 2 15 18 11 44 184 124 49.42 36.05 14.53 -14.5
0 1 12 3 8 18 10 37 112 103 47.97 31.67 20.36 -11.3
2 9 22 10 18 32 11 52 176 208 35.44 36.71 27.85 -11.6
1 7 13 0 17 20 12 53 145 135 44.6 41.18 14.22 -11.2
4 4 9 0 4 14 11 24 92 127 23.91 32.61 43.48 -6.6
7 10 13 4 11 21 16 71 173 121 38.17 31 30.83 -12.8
2 6 6 4 18 17 15 50 158 156 41.18 38.91 19.91 -13.5
3 3 5 0 13 20 10 35 124 108 32.26 37.9 29.84 -7.5
3 8 12 3 20 33 20 89 307 245 29.61 45.25 25.14 -10.8
2 3 2 3 6 12 7 24 83 57 28.18 40 31.82 -6.6
3 6 8 1 9 11 8 39 93 64 30.68 35.58 33.74 -5.5
2 4 10 2 4 12 6 27 90 93 32.17 28.7 39.13 -6.0
5 4 9 2 6 14 17 56 148 118 30.2 32.55 37.25 -7.4
4 7 12 1 9 14 12 45 153 104 39.64 37.84 22.52 -7.6
10 7 16 2 9 22 13 48 191 195 25 42.36 32.64 -3.3
13 2 17 2 17 26 23 54 214 270 27.18 38.97 33.85 -8.4
0 4 10 1 15 20 5 26 130 161 36.49 48.91 14.6 -8.9
7 9 13 1 8 19 11 54 173 174 24.49 37.41 38.1 -10.9
8 9 20 7 24 18 17 79 247 209 50.38 27.51 22.11 -12.6
29 15 16 0 11 7 52 143 402 284 23.18 36.96 39.86 -9.3
8 1 12 1 7 26 17 61 173 160 23.45 42.36 34.19 -7.5
11 20 22 6 24 34 31 118 366 320 34.79 31.14 34.07 -9.7
1 3 7 3 8 24 3 23 100 125 25.75 43.71 30.54 -5.4
3 5 13 0 8 14 4 20 71 102 33.47 35.43 31.1 -10.5
1 2 5 1 7 14 3 13 53 72 28.31 41.57 30.12 -5.9
4 2 13 0 4 24 15 47 138 139 26.32 48.68 25 -8.2
11 9 21 1 9 24 16 84 227 168 27.53 35.27 37.2 -8.8
8 5 16 1 7 14 12 38 135 113 33.83 37.13 29.04 -8.0
5 5 10 2 5 13 11 45 116 121 46.55 30.46 22.99 -8.4
4 8 19 3 16 36 26 83 252 247 30.87 43.04 26.09 -14.0
2 4 9 2 9 16 5 20 81 89 35.39 39.95 24.66 -7.6
2 0 6 0 3 19 4 18 87 93 29.45 36.81 33.74 -7.8
9 11 10 1 12 12 13 49 138 117 30.57 42.98 26.45 -8.6
2 3 4 1 7 14 7 27 108 76 26.87 46.25 26.88 -7.5
9 3 12 2 9 10 8 33 113 105 29.28 34.22 36.5 -8.9
4 6 20 1 17 15 16 54 162 158 36.84 40.79 22.37 -10.7
10 7 13 3 7 12 16 66 167 123 26.07 40.85 33.08 -9.3
6 5 20 1 15 36 21 80 252 227 32.14 41.07 26.79 -9.5
12 23 31 3 21 17 34 121 324 233 37.18 26.92 35.9 -10.8
3 3 17 2 16 16 13 47 158 157 33.95 39.51 26.54 -14.6
15 20 26 8 20 14 38 115 324 224 30.3 37.5 32.2 -10.2
8 7 13 2 6 20 19 54 165 159 35.5 40.22 24.28 -9.0
3 10 7 2 3 7 10 44 117 109 27.48 33.59 38.93 -9.8
5 3 17 0 5 21 11 38 156 156 32.75 37.13 30.12 -10.0
5 3 11 2 7 14 11 45 144 109 25.88 40.35 33.77 -10.4
8 11 12 1 2 9 16 59 163 147 31.13 34.8 34.07 -7.8
11 5 15 2 6 11 18 58 213 194 35.75 34.84 29.41 -9.1
4 4 7 2 11 16 13 53 162 152 39.88 38.1 22.02 -11.1
7 6 18 0 2 20 13 42 134 109 25.28 31.42 43.3 -4.2
6 4 16 0 2 21 12 50 149 109 28.97 28.57 42.46 -8.1
6 9 15 3 6 9 15 61 166 130 32.05 35.9 32.05 -8.3
2 5 10 1 21 31 17 59 210 220 33.47 42.15 24.38 -7.0
4 3 15 1 13 23 5 16 104 189 16.85 37.08 46.07 -7.0
0 2 5 4 18 17 6 23 100 142 38.74 43.24 18.02 -6.8
1 6 2 12 29 22 14 59 168 128 50.6 29.76 19.64 -9.9
3 13 5 8 11 16 18 64 182 161 34.23 40.83 24.94 -5.6
5 12 13 2 16 22 14 61 220 267 34.96 32.52 32.52 -7.9
5 1 14 0 9 24 10 42 159 144 30.25 41.03 28.72 -10.7
4 6 14 3 12 9 9 40 108 131 45.42 34.8 19.78 -8.2
6 10 18 1 9 17 20 59 174 140 24.59 44.26 31.15 -9.7
1 5 2 14 27 20 11 65 155 145 49.51 30.49 20 -8.7
1 7 10 9 19 9 10 43 132 131 40.54 39 20.46 -7.7
