4 11 1 9 19 12 42 31.65 14.76 -9.3
2 15 4 14 19 15 49 42.72 12.78 -13.1
2 10 1 8 18 7 33 27.95 11.89 -6.4
13 6 10 14 1 25 78 35.18 17.18 -5.3
7 12 4 10 20 16 72 36.32 24.96 -12.1
5 6 1 10 9 10 40 30.59 11.82 -6.5
9 14 1 8 14 6 38 31.53 7.56 -8.9
6 17 6 18 13 17 82 41.71 20.64 -11.6
3 15 0 4 13 6 41 28.83 15.62 -9.7
5 15 2 10 11 16 50 43.75 17.58 -10.5
8 17 0 13 25 17 68 38.22 21.53 -15.1
8 19 0 11 18 15 56 39.7 16.47 -10.7
11 12 5 11 8 15 59 35.21 13.58 -9.8
17 14 7 19 10 26 92 47.8 37.31 -11.7
6 21 0 4 16 9 45 38.87 14.91 -7.9
12 15 5 8 6 19 85 26.09 20.27 -8.3
6 7 5 11 20 11 34 40.75 17.4 -10.3
5 12 2 7 5 11 41 28.74 3.56 -7.4
14 20 9 24 17 33 138 26.12 35.62 -15.6
3 10 1 10 14 11 44 27.49 12.04 -10.1
6 9 3 17 12 14 57 29.7 18.69 -18.6
7 7 1 8 8 11 53 29.83 13.02 -7.4
5 24 5 21 33 18 95 30.58 30.71 -13.8
2 8 7 11 9 7 34 37.56 8.82 -10.4
2 13 0 2 12 8 17 21.86 9.0 -8.1
7 14 3 11 19 17 78 40.61 26.6 -13.1
5 9 0 9 19 11 43 33.33 15.11 -6.5
6 10 0 7 9 6 24 26.36 5.64 -6.8
2 22 0 11 23 24 66 30.31 19.24 -11.7
9 3 4 5 6 13 50 33.19 17.44 -7.4
11 27 4 18 9 36 108 30.41 23.02 -15.8
2 8 4 17 13 7 34 31.25 14.67 -7.5
4 8 0 3 16 4 16 31.79 7.27 -8.1
12 14 2 15 10 24 72 40.81 28.98 -13.6
15 24 2 9 24 24 77 32.18 27.67 -12.8
3 14 0 6 13 8 30 33.27 5.13 -11.1
12 13 5 16 22 14 68 25.89 32.07 -12.8
2 11 2 13 12 8 34 42.86 14.98 -10.7
7 13 3 9 16 10 38 31.19 13.78 -10
4 6 0 5 9 10 32 38.18 4.98 -8.9
6 11 9 17 16 21 71 40.46 30.09 -11.5
5 6 3 6 10 18 43 32.46 18.0 -7.8
16 16 2 5 10 21 71 35.07 24.02 -11.2
4 12 10 14 7 15 57 45.63 28.44 -9.6
8 6 6 8 9 11 49 31.79 13.76 -7.5
5 13 10 12 8 15 61 45.06 28.6 -13.6
8 21 0 15 18 20 73 47.1 5.38 -15.6
5 6 2 15 9 12 49 38.12 13.49 -9.5
6 11 0 1 1 20 43 35.22 15.18 -7.2
8 6 3 18 26 16 55 46.67 24.38 -14.2
2 9 6 12 9 9 44 35.68 -0.6 -4.3
5 8 1 4 13 8 36 27.59 14.38 -8.1
6 13 2 11 9 19 51 45.67 16.38 -11.5
9 13 2 2 7 18 50 41.26 23.07 -12.5
14 16 5 9 3 41 104 29.74 19.33 -7.1
11 17 2 9 15 16 62 31.76 7.22 -11.2
4 11 2 17 20 14 48 34.79 9.82 -7
3 14 1 11 10 10 49 28.03 10.2 -9.1
10 18 5 19 14 14 62 30.08 8.56 -10.2
2 16 2 13 19 13 43 44.01 15.73 -11.7
6 16 2 13 8 14 50 37.72 22.2 -10.6
6 5 6 6 10 10 38 39.44 13.36 -6.7
7 9 2 21 22 14 51 27.78 23.33 -9.8
4 3 2 4 15 11 30 28.97 14.16 -7.2
4 9 2 12 6 9 47 30.47 3.87 -12.1
15 29 4 11 16 17 59 33.25 21.82 -10.2
8 9 1 6 10 4 40 32.47 11.4 -11
5 13 2 16 9 18 65 39.11 20.53 -12.3
1 13 1 4 20 4 15 24.53 15.2 -7.4
4 17 4 15 17 12 58 38.5 16.96 -12.7
2 11 0 2 10 4 16 27.18 2.49 -5.7
2 6 3 4 1 8 26 30.87 13.62 -6.8
3 2 2 5 8 2 22 32.81 16.07 -7.9
8 19 1 11 15 17 56 42.99 12.31 -7.5
4 4 8 18 11 12 51 43.16 19.73 -12.3
4 4 7 16 15 12 50 43.68 18.44 -7.4
8 11 2 17 9 13 61 23.13 21.93 -10.7
5 4 5 8 9 7 35 41.04 12.04 -9.6
7 10 2 10 13 17 42 28.77 16.07 -8.8
4 12 2 15 18 11 44 49.42 15.29 -14.5
1 12 3 8 18 10 37 47.97 7.98 -11.3
9 22 10 18 32 11 52 35.44 27.33 -11.6
7 13 0 17 20 12 53 44.6 13.67 -11.2
4 9 0 4 14 11 24 23.91 9.16 -6.6
10 13 4 11 21 16 71 38.17 29.0 -12.8
6 6 4 18 17 15 50 41.18 23.84 -13.5
3 5 0 13 20 10 35 32.26 15.31 -7.5
8 12 3 20 33 20 89 29.61 25.56 -10.8
3 2 3 6 12 7 24 28.18 8.89 -6.6
6 8 1 9 11 8 39 30.68 10.73 -5.5
4 10 2 4 12 6 27 32.17 7.27 -6
4 9 2 6 14 17 56 30.2 17.6 -7.4
7 12 1 9 14 12 45 39.64 10.36 -7.6
7 16 2 9 22 13 48 25 25.69 -3.3
2 17 2 17 26 23 54 27.18 15.07 -8.4
4 10 1 15 20 5 26 36.49 9.78 -8.9
9 13 1 8 19 11 54 24.49 21.91 -10.9
9 20 7 24 18 17 79 50.38 23.27 -12.6
15 16 0 11 7 52 143 23.18 34.56 -9.3
1 12 1 7 26 17 61 23.45 21.18 -7.5
20 22 6 24 34 31 118 34.79 36.53 -9.7
3 7 3 8 24 3 23 25.75 17.22 -5.4
5 13 0 8 14 4 20 33.47 10.53 -10.5
2 5 1 7 14 3 13 28.31 6.53 -5.9
2 13 0 4 24 15 47 26.32 16.42 -8.2
9 21 1 9 24 16 84 27.53 21.49 -8.8
5 16 1 7 14 12 38 33.83 15.33 -8
5 10 2 5 13 11 45 46.55 9.36 -8.4
8 19 3 16 36 26 83 30.87 24.96 -14
4 9 2 9 16 5 20 35.39 9.51 -7.6
0 6 0 3 19 4 18 29.45 7.87 -7.8
11 10 1 12 12 13 49 30.57 22.33 -8.6
3 4 1 7 14 7 27 26.87 11.67 -7.5
3 12 2 9 10 8 33 29.28 15.04 -8.9
6 20 1 17 15 16 54 36.84 24.44 -10.7
7 13 3 7 12 16 66 26.07 16.93 -9.3
5 20 1 15 36 21 80 32.14 20.47 -9.5
23 31 3 21 17 34 121 37.18 29.56 -10.8
3 17 2 16 16 13 47 33.95 7.22 -14.6
20 26 8 20 14 38 115 30.3 35.71 -10.2
7 13 2 6 20 19 54 35.5 24.4 -9
10 7 2 3 7 10 44 27.48 9.69 -9.8
3 17 0 5 21 11 38 32.75 13.22 -10
3 11 2 7 14 11 45 25.88 14.69 -10.4
11 12 1 2 9 16 59 31.13 11.2 -7.8
5 15 2 6 11 18 58 35.75 20.4 -9.1
4 7 2 11 16 13 53 39.88 15.84 -11.1
6 18 0 2 20 13 42 25.28 12.71 -4.2
4 16 0 2 21 12 50 28.97 11.47 -8.1
9 15 3 6 9 15 61 32.05 10.71 -8.3
5 10 1 21 31 17 59 33.47 17.24 -7
3 15 1 13 23 5 16 16.85 11.36 -7
2 5 4 18 17 6 23 38.74 10.02 -6.8
6 2 12 29 22 14 59 50.6 23.6 -9.9
13 5 8 11 16 18 64 34.23 23.51 -5.6
12 13 2 16 22 14 61 34.96 16.64 -7.9
1 14 0 9 24 10 42 30.25 15.76 -10.7
6 14 3 12 9 9 40 45.42 7.42 -8.2
10 18 1 9 17 20 59 24.59 17.56 -9.7
5 2 14 27 20 11 65 49.51 22.02 -8.7
7 10 9 19 9 10 43 40.54 12.24 -7.7