4 4 0 6 3 70 31.65 -9.3
0 2 2 4 11 72 42.72 -13.1
0 2 0 6 3 59 27.95 -6.4
3 4 6 5 0 115 35.18 -5.3
6 6 0 4 9 105 36.32 -12.1
3 2 1 4 4 68 30.59 -6.5
1 1 1 2 5 59 31.53 -8.9
0 3 3 5 5 115 41.71 -11.6
3 1 0 1 3 56 28.83 -9.7
1 5 0 5 9 93 38.22 -15.1
2 4 0 2 4 81 39.7 -10.7
3 7 4 2 2 92 35.21 -9.8
1 10 2 10 1 144 47.8 -11.7
2 4 0 0 5 78 38.87 -7.9
11 7 1 1 1 133 26.09 -8.3
0 1 2 4 6 59 40.75 -10.3
1 4 2 2 0 72 28.74 -7.4
11 6 5 6 3 194 26.12 -15.6
2 2 1 3 5 66 27.49 -10.1
2 4 0 3 3 76 29.83 -7.4
1 2 0 10 9 145 30.58 -13.8
2 1 0 0 2 35 21.86 -8.1
1 3 1 6 8 108 40.61 -13.1
1 3 0 5 4 57 33.33 -6.5
2 0 0 3 0 37 26.36 -6.8
10 2 0 5 9 100 30.31 -11.7
0 0 3 7 1 61 31.25 -7.5
1 0 0 2 1 35 31.79 -8.1
5 6 1 8 1 124 40.81 -13.6
4 9 0 1 8 128 32.18 -12.8
0 2 0 4 5 43 33.27 -11.1
5 0 1 3 2 53 42.86 -10.7
2 3 1 1 2 56 31.19 -10
3 1 0 1 3 49 38.18 -8.9
1 6 3 4 8 113 40.46 -11.5
8 5 1 2 2 101 35.07 -11.2
3 1 5 3 2 96 45.63 -9.6
2 6 2 4 4 68 31.79 -7.5
3 0 3 3 2 99 45.06 -13.6
2 5 0 5 4 117 47.1 -15.6
4 3 2 3 0 70 38.12 -9.5
10 4 0 0 1 71 35.22 -7.2
0 2 0 8 10 85 46.67 -14.2
0 1 5 4 1 64 35.68 -4.3
2 5 1 0 1 54 27.59 -8.1
0 2 2 2 2 90 45.67 -11.5
4 2 2 1 0 85 41.26 -12.5
15 10 3 0 0 163 29.74 -7.1
2 5 1 4 0 95 31.76 -11.2
2 1 1 8 3 73 34.79 -7
2 2 0 5 1 76 28.03 -9.1
2 3 1 10 3 102 30.08 -10.2
1 0 0 3 5 67 44.01 -11.7
1 1 2 5 3 68 37.72 -10.6
1 3 2 4 1 51 39.44 -6.7
3 2 0 7 4 82 27.78 -9.8
2 2 2 2 2 48 28.97 -7.2
2 1 1 8 0 88 30.47 -12.1
2 5 2 1 2 102 33.25 -10.2
2 1 0 1 2 60 32.47 -11
6 1 1 7 3 103 39.11 -12.3
2 0 0 1 1 25 24.53 -7.4
2 1 2 4 2 95 38.5 -12.7
0 0 0 2 1 23 27.18 -5.7
4 1 1 1 0 37 30.87 -6.8
2 0 1 1 1 35 32.81 -7.9
2 3 0 3 4 81 42.99 -7.5
0 2 4 6 1 84 43.16 -12.3
0 2 4 6 2 82 43.68 -7.4
0 3 2 3 3 52 41.04 -9.6
5 0 2 2 4 82 28.77 -8.8
0 1 1 2 6 72 49.42 -14.5
0 0 2 2 6 65 47.97 -11.3
1 2 5 1 2 75 35.44 -11.6
1 1 0 7 2 67 44.6 -11.2
3 2 0 1 2 36 23.91 -6.6
3 6 2 3 4 120 38.17 -12.8
1 3 0 7 7 92 41.18 -13.5
3 1 0 5 5 46 32.26 -7.5
1 5 2 6 10 124 29.61 -10.8
2 1 1 2 3 34 28.18 -6.6
2 2 0 1 1 59 30.68 -5.5
3 5 0 4 6 83 43.72 -18.1
8 3 0 5 3 125 30.69 -4.1
1 1 0 1 3 40 32.17 -6.0
4 3 2 2 3 78 30.2 -7.4
2 5 1 2 4 77 39.64 -7.6
4 4 1 6 3 74 25 -3.3
11 0 1 6 13 78 27.18 -8.4
0 1 0 4 2 48 36.49 -8.9
3 5 0 5 7 74 24.49 -10.9
2 3 3 4 4 127 50.38 -12.6
22 10 0 6 2 199 23.18 -9.3
6 0 0 3 4 76 23.45 -7.5
8 12 2 4 11 195 34.79 -9.7
1 0 0 2 4 39 25.75 -5.4
2 2 0 3 0 31 33.47 -10.5
1 1 0 1 3 23 28.31 -5.9
3 2 0 3 4 78 26.32 -8.2
6 4 0 2 8 118 27.53 -8.8
5 2 1 0 4 57 33.83 -8.0
3 2 2 2 3 65 46.55 -8.4
3 5 0 5 8 132 30.87 -14.0
0 1 0 3 4 41 35.39 -7.6
1 0 0 1 6 32 29.45 -7.8
5 3 0 6 2 82 30.57 -8.6
0 2 1 3 4 45 26.87 -7.5
4 2 2 0 1 57 29.28 -8.9
1 3 0 2 0 101 36.84 -10.7
5 3 1 0 0 103 26.07 -9.3
2 1 1 4 11 123 32.14 -9.5
9 11 1 4 3 187 37.18 -10.8
2 1 0 4 4 77 33.95 -14.8
9 12 3 6 3 179 30.3 -10.2
3 6 1 3 6 83 35.5 -9.0
2 4 1 1 1 70 27.48 -9.8
4 2 0 2 7 59 32.75 -10.0
3 0 1 1 4 78 25.88 -10.4
5 6 1 0 1 94 31.13 -7.8
9 3 1 2 4 89 35.75 -9.1
3 1 1 5 5 83 39.88 -11.1
4 3 0 0 1 63 25.28 -4.2
4 3 0 0 3 69 28.97 -8.1
4 3 1 2 1 97 32.05 -8.3
2 2 0 11 6 94 33.47 -7.0
1 2 0 0 1 26 16.85 -7.0
0 1 2 6 2 37 38.74 -6.8
0 2 6 11 4 99 50.6 -9.9
1 5 2 8 1 89 34.23 -5.6
3 6 1 7 3 91 34.96 -7.9
0 1 0 5 6 58 30.25 -10.7
0 3 2 0 4 60 45.42 -8.2
5 3 1 4 2 98 24.59 -9.7
0 1 5 10 4 99 49.51 -8.7
1 1 5 3 1 66 40.54 -7.7
