5 4 11 1 9 19 49 12 42 129 130 301 31.65 41.77 26.58 14.76 -9.3
2 2 15 4 14 19 56 15 49 181 165 395 42.72 38.5 18.78 12.78 -13.1
0 2 10 1 8 18 39 7 33 97 105 235 27.95 45.41 26.64 11.89 -6.4
5 13 6 10 14 1 49 25 78 187 108 373 35.18 35.18 29.64 17.18 -5.3
7 7 12 4 10 20 60 16 72 201 167 440 36.32 34.94 28.74 24.96 -12.1
5 5 6 1 10 9 36 10 40 134 138 312 30.59 42.54 26.87 11.82 -6.5
2 9 14 1 8 14 48 6 38 138 168 344 31.53 35.35 33.12 7.56 -8.9
2 6 17 6 18 13 62 17 82 297 215 594 41.71 35.68 22.61 20.64 -11.6
9 3 15 0 4 13 44 6 41 121 98 260 28.83 41.24 29.93 15.62 -9.7
1 5 15 2 10 11 44 16 50 143 102 295 43.75 33.59 22.66 17.58 -10.5
3 8 17 0 13 25 66 17 68 206 212 486 38.22 36.78 25 21.53 -15.1
3 8 19 0 11 18 59 15 56 198 123 377 39.7 39.71 20.59 16.47 -10.7
3 11 12 5 11 8 50 15 59 188 173 420 35.21 33.85 30.94 13.58 -9.8
1 17 14 7 19 10 68 26 92 227 148 467 47.8 31.37 20.83 37.31 -11.7
3 6 21 0 4 16 50 9 45 173 148 366 38.87 35.97 25.16 14.91 -7.9
17 12 15 5 8 6 63 19 85 221 110 416 26.09 42.75 31.16 20.27 -8.3
0 6 7 5 11 20 49 11 34 130 120 284 40.75 38.77 20.48 17.4 -10.3
3 5 12 2 7 5 34 11 41 118 91 250 28.74 37.16 34.1 3.56 -7.4
24 14 20 9 24 17 108 33 138 320 234 692 26.12 43.75 30.13 35.62 -15.6
5 3 10 1 10 14 43 11 44 144 146 334 27.49 44.27 28.24 12.04 -10.1
4 6 9 3 17 12 51 14 57 149 158 364 29.7 29.09 41.21 18.69 -18.6
8 7 7 1 8 8 39 11 53 101 54 208 29.83 36.95 33.22 13.02 -7.4
5 5 24 5 21 33 93 18 95 311 236 642 30.58 40.43 28.99 30.71 -13.8
2 2 8 7 11 9 39 7 34 112 117 263 37.56 35.61 26.83 8.82 -10.4
5 2 13 0 2 12 34 8 17 88 94 199 21.86 44.37 33.77 9.0 -8.1
6 7 14 3 11 19 60 17 78 242 158 478 40.61 35.81 23.58 26.6 -13.1
4 5 9 0 9 19 46 11 43 129 136 308 33.33 41.18 25.49 15.11 -6.5
4 6 10 0 7 9 36 6 24 72 92 188 26.36 38.82 34.82 5.64 -6.8
12 2 22 0 11 23 70 24 66 197 219 482 30.31 40 29.69 19.24 -11.7
6 9 3 4 5 6 33 13 50 118 86 254 33.19 33.33 33.48 17.44 -7.4
13 11 27 4 18 9 82 36 108 268 167 543 30.41 38.63 30.96 23.02 -15.8
2 2 8 4 17 13 46 7 34 143 146 323 31.25 35.1 33.65 14.67 -7.5
1 4 8 0 3 16 32 4 16 68 117 201 31.79 30.46 37.75 7.27 -8.1
10 12 14 2 15 10 63 24 72 224 137 433 40.81 34.83 24.36 28.98 -13.6
9 15 24 2 9 24 83 24 77 227 224 528 32.18 40.83 26.99 27.67 -12.8
1 3 14 0 6 13 37 8 30 123 140 293 33.27 34.18 32.55 5.13 -11.1
14 12 13 5 16 22 82 14 68 217 177 462 25.89 33.61 40.5 32.07 -12.8
7 2 11 2 13 12 47 8 34 111 102 247 42.86 37.66 19.48 14.98 -10.7
6 7 13 3 9 16 54 10 38 149 107 294 31.19 38.1 30.71 13.78 -10
4 4 6 0 5 9 28 10 32 88 83 203 38.18 33.94 27.88 4.98 -8.9
4 6 11 9 17 16 63 21 71 207 228 506 40.46 34.54 25 30.09 -11.5
7 5 6 3 6 10 37 18 43 134 84 261 32.46 29.32 38.22 18.0 -7.8
14 16 16 2 5 10 63 21 71 179 140 390 35.07 36.31 28.62 24.02 -11.2
5 4 12 10 14 7 52 15 57 174 108 339 45.63 33.01 21.36 28.44 -9.6
3 8 6 6 8 9 40 11 49 139 88 276 31.79 37.14 31.07 13.76 -7.5
5 5 13 10 12 8 53 15 61 186 127 374 45.06 32.66 22.28 28.6 -13.6
3 8 21 0 15 18 65 20 73 219 162 454 47.1 34.88 18.02 5.38 -15.6
5 5 6 2 15 9 42 12 49 162 111 322 38.12 35.12 26.76 13.49 -9.5
14 6 11 0 1 1 33 20 43 126 71 240 35.22 25.79 38.99 15.18 -7.2
1 8 6 3 18 26 62 16 55 178 153 386 46.67 37.14 16.19 24.38 -14.2
0 2 9 6 12 9 38 9 44 122 107 273 35.68 35.67 28.65 -0.6 -4.3
4 5 8 1 4 13 35 8 36 124 98 258 27.59 33.77 38.64 14.38 -8.1
0 6 13 2 11 9 41 19 51 157 109 317 45.67 31.89 22.44 16.38 -11.5
7 9 13 2 2 7 40 18 50 144 131 325 41.26 34.47 24.27 23.07 -12.5
18 14 16 5 9 3 65 41 104 267 150 521 29.74 35.29 34.97 19.33 -7.1
5 11 17 2 9 15 59 16 62 162 156 380 31.76 39.19 29.05 7.22 -11.2
3 4 11 2 17 20 57 14 48 149 154 351 34.79 30.43 34.78 9.82 -7
2 3 14 1 11 10 41 10 49 135 118 302 28.03 38.26 33.71 10.2 -9.1
4 10 18 5 19 14 70 14 62 217 167 446 30.08 31.95 37.97 8.56 -10.2
3 2 16 2 13 19 55 13 43 142 138 323 44.01 34.62 21.37 15.73 -11.7
1 6 16 2 13 8 46 14 50 131 125 306 37.72 35.96 26.32 22.2 -10.6
2 6 5 6 6 10 35 10 38 99 73 210 39.44 30.68 29.88 13.36 -6.7
9 7 9 2 21 22 70 14 51 202 162 415 27.78 40.28 31.94 23.33 -9.8
2 4 3 2 4 15 30 11 30 94 126 250 28.97 39.28 31.75 14.16 -7.2
9 4 9 2 12 6 42 9 47 167 90 304 30.47 35.62 33.91 3.87 -12.1
8 15 29 4 11 16 83 17 59 210 191 460 33.25 43.88 22.87 21.82 -10.2
6 8 9 1 6 10 40 4 40 140 137 317 32.47 40.26 27.27 11.4 -11
7 5 13 2 16 9 52 18 65 194 130 389 39.11 31.84 29.05 20.53 -12.3
3 1 13 1 4 20 42 4 15 83 91 189 24.53 45.75 29.72 15.2 -7.4
5 4 17 4 15 17 62 12 58 192 154 404 38.5 36.41 25.09 16.96 -12.7
1 2 11 0 2 10 26 4 16 77 83 176 27.18 34.78 38.04 2.49 -5.7
9 2 6 3 4 1 25 8 26 64 46 136 30.87 35.37 33.76 13.62 -6.8
8 3 2 2 5 8 28 2 22 58 44 124 32.81 34.7 32.49 16.07 -7.9
4 8 19 1 11 15 58 17 56 204 128 388 42.99 38.65 18.36 12.31 -7.5
0 4 4 8 18 11 45 12 51 126 92 269 43.16 38.02 18.82 19.73 -12.3
0 4 4 7 16 15 46 12 50 126 93 269 43.68 37.93 18.39 18.44 -7.4
8 8 11 2 17 9 55 13 61 183 169 413 23.13 27.21 49.66 21.93 -10.7
2 5 4 5 8 9 33 7 35 120 85 240 41.04 29.48 29.48 12.04 -9.6
5 7 10 2 10 13 47 17 42 155 111 308 28.77 35.73 35.5 16.07 -8.8
2 4 12 2 15 18 53 11 44 184 124 352 49.42 36.05 14.53 15.29 -14.5
0 1 12 3 8 18 42 10 37 112 103 252 47.97 31.67 20.36 7.98 -11.3
2 9 22 10 18 32 93 11 52 176 208 436 35.44 36.71 27.85 27.33 -11.6
1 7 13 0 17 20 58 12 53 145 135 333 44.6 41.18 14.22 13.67 -11.2
4 4 9 0 4 14 35 11 24 92 127 243 23.91 32.61 43.48 9.16 -6.6
7 10 13 4 11 21 66 16 71 173 121 365 38.17 31 30.83 29.0 -12.8
2 6 6 4 18 17 53 15 50 158 156 364 41.18 38.91 19.91 23.84 -13.5
3 3 5 0 13 20 44 10 35 124 108 267 32.26 37.9 29.84 15.31 -7.5
3 8 12 3 20 33 79 20 89 307 245 641 29.61 45.25 25.14 25.56 -10.8
2 3 2 3 6 12 28 7 24 83 57 164 28.18 40 31.82 8.89 -6.6
3 6 8 1 9 11 38 8 39 93 64 196 30.68 35.58 33.74 10.73 -5.5
2 4 10 2 4 12 34 6 27 90 93 210 32.17 28.7 39.13 7.27 -6.0
5 4 9 2 6 14 40 17 56 148 118 322 30.2 32.55 37.25 17.6 -7.4
4 7 12 1 9 14 47 12 45 153 104 302 39.64 37.84 22.52 10.36 -7.6
10 7 16 2 9 22 66 13 48 191 195 434 25 42.36 32.64 25.69 -3.3
13 2 17 2 17 26 77 23 54 214 270 538 27.18 38.97 33.85 15.07 -8.4
0 4 10 1 15 20 50 5 26 130 161 317 36.49 48.91 14.6 9.78 -8.9
7 9 13 1 8 19 57 11 54 173 174 401 24.49 37.41 38.1 21.91 -10.9
8 9 20 7 24 18 86 17 79 247 209 535 50.38 27.51 22.11 23.27 -12.6
29 15 16 0 11 7 78 52 143 402 284 829 23.18 36.96 39.86 34.56 -9.3
8 1 12 1 7 26 55 17 61 173 160 394 23.45 42.36 34.19 21.18 -7.5
11 20 22 6 24 34 117 31 118 366 320 804 34.79 31.14 34.07 36.53 -9.7
1 3 7 3 8 24 46 3 23 100 125 248 25.75 43.71 30.54 17.22 -5.4
3 5 13 0 8 14 43 4 20 71 102 193 33.47 35.43 31.1 10.53 -10.5
1 2 5 1 7 14 30 3 13 53 72 138 28.31 41.57 30.12 6.53 -5.9
4 2 13 0 4 24 47 15 47 138 139 324 26.32 48.68 25 16.42 -8.2
11 9 21 1 9 24 75 16 84 227 168 479 27.53 35.27 37.2 21.49 -8.8
8 5 16 1 7 14 51 12 38 135 113 286 33.83 37.13 29.04 15.33 -8.0
5 5 10 2 5 13 40 11 45 116 121 282 46.55 30.46 22.99 9.36 -8.4
4 8 19 3 16 36 86 26 83 252 247 582 30.87 43.04 26.09 24.96 -14.0
2 4 9 2 9 16 42 5 20 81 89 190 35.39 39.95 24.66 9.51 -7.6
2 0 6 0 3 19 30 4 18 87 93 198 29.45 36.81 33.74 7.87 -7.8
9 11 10 1 12 12 55 13 49 138 117 304 30.57 42.98 26.45 22.33 -8.6
2 3 4 1 7 14 31 7 27 108 76 211 26.87 46.25 26.88 11.67 -7.5
9 3 12 2 9 10 45 8 33 113 105 251 29.28 34.22 36.5 15.04 -8.9
4 6 20 1 17 15 63 16 54 162 158 374 36.84 40.79 22.37 24.44 -10.7
10 7 13 3 7 12 52 16 66 167 123 356 26.07 40.85 33.08 16.93 -9.3
6 5 20 1 15 36 83 21 80 252 227 559 32.14 41.07 26.79 20.47 -9.5
12 23 31 3 21 17 107 34 121 324 233 678 37.18 26.92 35.9 29.56 -10.8
3 3 17 2 16 16 57 13 47 158 157 362 33.95 39.51 26.54 7.22 -14.6
15 20 26 8 20 14 103 38 115 324 224 663 30.3 37.5 32.2 35.71 -10.2
8 7 13 2 6 20 56 19 54 165 159 378 35.5 40.22 24.28 24.4 -9.0
3 10 7 2 3 7 32 10 44 117 109 270 27.48 33.59 38.93 9.69 -9.8
5 3 17 0 5 21 51 11 38 156 156 350 32.75 37.13 30.12 13.22 -10.0
5 3 11 2 7 14 42 11 45 144 109 298 25.88 40.35 33.77 14.69 -10.4
8 11 12 1 2 9 43 16 59 163 147 369 31.13 34.8 34.07 11.2 -7.8
11 5 15 2 6 11 50 18 58 213 194 465 35.75 34.84 29.41 20.4 -9.1
4 4 7 2 11 16 44 13 53 162 152 367 39.88 38.1 22.02 15.84 -11.1
7 6 18 0 2 20 53 13 42 134 109 285 25.28 31.42 43.3 12.71 -4.2
6 4 16 0 2 21 49 12 50 149 109 308 28.97 28.57 42.46 11.47 -8.1
6 9 15 3 6 9 48 15 61 166 130 357 32.05 35.9 32.05 10.71 -8.3
2 5 10 1 21 31 70 17 59 210 220 489 33.47 42.15 24.38 17.24 -7.0
4 3 15 1 13 23 59 5 16 104 189 309 16.85 37.08 46.07 11.36 -7.0
0 2 5 4 18 17 46 6 23 100 142 265 38.74 43.24 18.02 10.02 -6.8
1 6 2 12 29 22 72 14 59 168 128 355 50.6 29.76 19.64 23.6 -9.9
3 13 5 8 11 16 56 18 64 182 161 407 34.23 40.83 24.94 23.51 -5.6
5 12 13 2 16 22 70 14 61 220 267 548 34.96 32.52 32.52 16.64 -7.9
5 1 14 0 9 24 53 10 42 159 144 345 30.25 41.03 28.72 15.76 -10.7
4 6 14 3 12 9 48 9 40 108 131 279 45.42 34.8 19.78 7.42 -8.2
6 10 18 1 9 17 61 20 59 174 140 373 24.59 44.26 31.15 17.56 -9.7
1 5 2 14 27 20 69 11 65 155 145 365 49.51 30.49 20 22.02 -8.7
1 7 10 9 19 9 55 10 43 132 131 306 40.54 39 20.46 12.24 -7.7
