151 581 590 44.32 39.46 16.22 -12.4
249 833 716 36.85 33.33 29.82 -10.7
169 776 943 35.44 36.71 27.85 -11.6
531 1859 1705 29.71 44.55 25.74 -10.5
175 542 507 44.6 41.18 14.22 -11.2
183 673 690 28.54 45.92 25.54 -14.4
355 1091 804 31.23 38.87 29.9 -10.5
73 360 503 23.91 32.61 43.48 -6.6
118 369 395 31.79 39.49 28.72 -6.6
243 681 517 38.17 31 30.83 -12.8
215 841 1091 22.67 41.28 36.05 -12.3
191 584 562 41.18 38.91 19.91 -13.5
115 436 444 32.26 37.9 29.84 -7.5
253 955 978 29.61 45.25 25.14 -10.8
119 668 803 23.53 44.12 32.35 -6.9
84 256 243 28.18 40 31.82 -6.6
138 394 308 30.68 35.58 33.74 -5.5
204 648 563 43.72 37.69 18.59 -18.1
272 903 884 30.69 40.41 28.9 -4.1
83 352 397 32.17 28.7 39.13 -6
175 496 414 30.2 32.55 37.25 -7.4
166 555 532 39.64 37.84 22.52 -7.6
163 692 787 25 42.36 32.64 -3.3
167 810 1022 27.18 38.97 33.85 -8.4
115 511 626 36.49 48.91 14.6 -8.9
191 643 691 24.49 37.41 38.1 -10.9
216 531 393 38.14 36.67 25.19 -15.7
171 652 634 28.74 38.19 33.07 -8.1
266 852 766 50.38 27.51 22.11 -12.6
157 511 425 41.5 35.5 23 -10.5
352 1140 931 23.18 36.96 39.86 -9.3
164 634 603 23.45 42.36 34.19 -7.5
375 1317 1247 34.79 31.14 34.07 -9.7
261 663 482 49.16 33.33 17.51 -14.6
267 762 656 33.74 34.65 31.61 -9.6
88 404 551 25.75 43.71 30.54 -5.4
65 341 453 33.47 35.43 31.1 -10.5
51 268 308 28.31 41.57 30.12 -5.9
245 818 865 38.91 30.24 30.85 -6.6
129 492 491 26.32 48.68 25 -8.2
124 377 276 32 32 36 -7.9
245 777 711 27.53 35.27 37.2 -8.8
272 960 881 33.11 41.98 24.91 -12.2
138 511 524 33.83 37.13 29.04 -8
125 398 406 46.55 30.46 22.99 -8.4
215 746 619 35.42 38.33 26.25 -7.4
236 856 903 30.87 43.04 26.09 -14
127 375 407 35.39 39.95 24.66 -7.6
71 324 399 29.45 36.81 33.74 -7.8
183 612 553 30.57 42.98 26.45 -8.6
107 379 337 26.87 46.25 26.88 -7.5
116 508 622 35.4 28.71 35.89 -10.5
117 477 495 29.28 34.22 36.5 -8.9
182 639 615 36.84 40.79 22.37 -10.7
204 589 483 26.07 40.85 33.08 -9.3
242 850 936 32.14 41.07 26.79 -9.5
376 1156 963 37.18 26.92 35.9 -10.8
140 558 557 33.95 39.51 26.54 -14.8
381 1193 918 30.3 37.5 32.2 -10.2
183 582 546 35.5 40.22 24.28 -9
253 876 740 34.39 33.03 32.58 -10.6
125 441 430 27.48 33.59 38.93 -9.8
134 544 614 32.75 37.13 30.12 -10
172 644 679 30.91 36.36 32.73 -6.7
165 461 396 25.88 40.35 33.77 -10.4
197 573 570 31.13 34.8 34.07 -7.8
187 752 718 35.75 34.84 29.41 -9.1
157 520 531 39.88 38.1 22.02 -11.1
126 581 783 35.42 40.97 23.61 -10.1
154 496 491 25.28 31.42 43.3 -4.2
143 492 475 28.97 28.57 42.46 -8.1
175 591 533 32.05 35.9 32.05 -8.3
85 493 703 30.68 30.67 38.65 -10
196 675 625 32.31 39.46 28.23 -9.9
666 2792 3027 21.85 37.02 41.13 -8.5
179 754 843 33.47 42.15 24.38 -7
62 510 795 16.85 37.08 46.07 -7
80 400 498 38.74 43.24 18.02 -6.8
183 634 615 50.6 29.76 19.64 -9.9
131 401 273 45.96 36.36 17.68 -7
147 487 464 29.19 39.13 31.68 -11
177 584 644 34.15 35.77 30.08 -11.6
193 604 586 34.23 40.83 24.94 -5.6
194 779 1007 34.96 32.52 32.52 -7.9
133 572 559 30.25 41.03 28.72 -10.7
121 491 506 45.42 34.8 19.78 -8.2
190 622 579 24.59 44.26 31.15 -9.7
197 645 618 49.51 30.49 20 -8.7
273 1199 1456 37.28 39.64 23.08 -10.5
144 533 506 40.54 39 20.46 -7.7
