29 18 12 19 19 2 4 17 4 32 11 18 19 12 9 4 14 6 7 6 
14 14 18 22 18 7 18 38 7 31 23 10 17 19 20 4 19 21 16 30 
38 26 16 15 24 2 20 31 4 26 26 4 16 12 19 4 21 5 28 21 
13 13 15 20 12 2 11 20 2 13 21 5 6 8 7 4 16 6 13 17 
29 19 13 28 14 4 4 21 7 24 21 16 19 16 11 6 7 14 9 5 
63 71 20 39 26 10 8 47 14 36 36 2 19 18 12 8 23 21 32 30 
28 43 22 31 37 4 10 51 7 29 28 6 23 21 6 8 32 13 20 28 
4 8 3 6 4 3 1 15 1 5 3 0 3 5 5 5 13 9 5 14 
9 14 12 19 15 13 17 32 4 17 6 6 12 14 8 8 16 15 14 13 
46 49 32 51 68 9 31 73 8 72 56 1 67 36 33 9 66 31 52 56 
24 19 8 15 22 5 14 27 0 16 12 2 7 6 6 2 18 14 13 17 
37 41 18 40 19 6 4 20 4 38 16 0 19 13 11 12 16 7 14 10 
8 13 6 8 8 6 5 10 0 8 11 0 2 11 3 7 14 1 8 14 
16 26 8 20 11 0 9 33 1 18 12 3 13 10 9 2 14 9 11 12 
7 5 10 4 3 2 2 8 3 3 3 0 3 2 3 2 9 2 5 6 
17 4 4 7 9 2 5 16 0 9 7 0 5 9 2 2 7 9 12 8 
17 5 14 15 14 8 4 20 3 12 14 1 13 11 6 1 15 14 10 18 
31 20 12 18 17 3 7 16 4 35 13 18 18 11 14 3 18 8 8 6 
26 36 28 40 29 21 25 70 6 25 31 6 18 25 23 17 37 26 26 33 
10 4 4 9 11 4 4 13 2 12 9 1 2 10 3 2 18 6 14 9 
18 23 5 19 27 10 18 29 3 17 23 4 11 15 11 8 29 16 19 34 
4 10 12 6 5 2 2 12 1 12 4 9 7 12 1 4 11 6 3 6 
20 38 10 19 21 12 16 43 1 19 20 2 14 14 5 4 18 13 28 36 
10 17 2 7 17 9 5 32 3 15 9 4 10 10 7 3 18 4 21 23 
11 16 8 14 5 5 1 14 0 7 5 1 4 30 6 2 6 2 2 10 
12 14 2 9 9 10 9 10 0 6 15 0 7 6 2 1 12 7 17 22 
27 23 23 32 15 6 10 33 9 32 28 1 29 14 13 4 21 11 20 25 
24 31 14 18 21 2 9 45 8 12 17 2 16 12 12 6 25 15 24 24 
28 30 28 28 45 3 13 82 5 50 67 1 61 26 9 2 27 8 33 21 
24 21 6 17 5 4 4 9 2 23 19 10 11 15 16 4 15 11 11 10 
6 16 7 11 8 7 8 13 1 9 6 1 3 10 4 3 15 8 12 22 
52 79 28 60 54 34 25 77 7 42 41 1 33 34 24 20 47 63 48 87 
20 27 8 21 24 10 13 36 5 30 25 3 21 10 14 4 36 13 24 26 
29 16 11 18 15 3 3 14 5 35 13 18 17 13 10 4 16 4 8 6 
30 28 17 36 34 6 29 42 7 31 26 17 24 24 10 4 26 21 30 33 
16 17 15 24 11 3 12 17 4 4 12 7 11 9 8 5 21 8 14 12 
13 10 7 20 15 7 20 36 4 21 18 11 18 13 11 7 33 11 16 20 
14 16 14 25 10 3 11 17 4 4 14 7 11 9 8 6 21 9 13 13 
44 51 28 46 40 26 42 77 12 58 56 8 32 29 26 20 44 37 44 40 
19 21 15 17 10 1 6 17 2 12 12 5 4 7 3 4 6 9 9 15 
15 15 5 22 13 6 8 22 1 10 14 6 9 14 9 5 15 17 18 17 
20 22 12 21 14 7 15 32 1 14 13 6 13 18 3 7 23 13 16 28 
40 53 15 27 16 12 13 42 8 30 33 6 9 24 11 6 13 28 24 20 
75 64 59 86 60 20 56 97 11 93 65 40 49 37 52 31 64 61 72 57 
7 12 8 17 17 5 5 16 1 21 22 10 13 10 10 8 11 6 16 9 
29 24 15 23 17 5 12 19 7 30 28 6 12 12 13 4 19 15 14 18 
40 46 23 45 34 5 5 21 4 26 17 2 12 13 16 8 14 9 35 10 
26 20 28 44 28 7 19 34 3 22 42 2 29 20 16 8 12 22 40 24 
12 16 4 12 19 4 9 21 2 9 15 2 9 9 10 3 15 12 10 20 
24 27 27 44 18 8 10 51 9 31 31 12 20 17 17 8 24 25 20 31 
29 33 19 23 17 9 18 39 4 20 16 1 7 20 7 6 11 21 15 23 
13 11 10 17 18 4 17 33 0 24 14 2 7 17 16 9 24 12 18 26 
11 20 7 18 15 0 13 44 3 17 13 6 8 21 16 7 21 20 20 37 
19 12 11 15 10 1 5 15 3 16 18 0 8 4 18 4 10 7 8 11 
53 44 29 57 35 12 23 37 4 16 41 5 16 21 19 15 36 30 28 46 
20 13 14 19 10 4 10 18 3 16 9 4 10 8 7 6 10 10 9 18 
85 51 21 63 73 11 46 62 12 72 68 8 89 33 22 15 83 40 77 46 
18 16 6 23 19 3 13 11 0 19 13 0 15 2 13 0 12 6 18 10 
28 42 2 14 11 5 14 45 1 18 15 8 17 13 19 15 18 18 20 32 
43 17 18 41 14 9 14 24 9 20 20 15 16 24 12 15 10 20 23 20 
16 17 13 29 14 7 7 23 6 28 23 5 12 7 11 6 25 14 23 12 
7 9 4 12 7 4 8 15 3 4 8 1 7 11 4 3 17 7 10 17 
26 25 25 30 11 11 16 41 16 29 18 26 22 14 13 13 31 18 23 34 
17 18 16 15 13 4 13 38 6 20 13 2 8 9 12 11 17 22 10 28 
16 20 18 28 15 8 14 35 2 8 17 5 14 7 10 7 17 18 20 26 
23 22 14 19 19 4 12 41 6 24 25 6 10 11 15 9 23 28 17 30 
12 18 12 21 8 2 12 25 7 21 15 4 14 12 12 11 23 9 13 24 
15 13 12 12 10 0 8 17 3 23 17 2 8 5 11 7 7 10 8 12 
16 6 12 3 12 7 7 13 2 15 14 3 2 10 4 4 5 10 10 9 
15 17 2 13 22 10 14 36 3 13 15 2 10 21 6 6 32 21 20 42 
11 20 1 17 18 9 9 36 3 16 18 1 9 23 11 3 29 19 20 40 
21 17 15 18 20 7 17 34 4 17 19 11 17 14 8 8 20 19 21 21 
15 12 5 19 15 5 8 14 4 10 14 3 4 12 11 4 18 11 19 17 
25 23 13 36 19 7 17 44 5 19 29 13 16 16 12 11 26 17 26 17 
29 40 27 27 17 10 31 40 2 19 25 4 10 22 10 6 34 41 26 59 
25 25 17 22 18 5 15 34 8 17 18 12 17 16 11 5 15 13 18 16 
1 7 0 6 2 1 1 17 0 3 0 0 3 9 0 1 11 8 3 19 
30 22 27 43 12 9 13 38 8 29 37 10 22 26 16 7 11 16 11 22 
33 39 14 19 21 8 9 42 4 39 46 6 49 40 15 8 28 5 14 21 
30 15 12 16 13 6 6 12 6 28 26 8 13 15 16 5 8 13 11 6 
37 30 21 47 18 15 21 31 9 20 15 8 16 21 12 10 15 37 24 26 
14 9 5 16 13 3 10 12 3 7 8 3 10 12 6 1 11 9 8 13 
35 26 31 45 38 12 9 32 8 46 39 10 24 18 18 16 23 32 24 24 
11 7 4 11 15 1 15 23 1 12 11 5 14 11 8 6 14 14 11 16 
14 15 14 21 16 5 4 20 4 15 17 10 9 9 7 8 11 18 15 15 
30 10 23 17 19 2 10 67 5 54 17 12 35 11 4 4 11 14 19 13 
11 8 9 19 9 7 9 8 4 12 3 3 8 4 1 2 13 7 16 5 
33 40 14 19 21 5 9 40 4 32 41 6 43 36 16 8 26 5 13 20 
58 56 33 60 35 18 41 89 8 62 55 6 22 40 25 26 30 22 40 32 
17 20 16 29 16 8 13 30 8 33 25 8 17 17 12 10 12 17 11 18 
