23 10 13 5 14 0 5 11 4 6 1 20 1 3 8 5 31 0 4 0 
10 7 9 3 17 1 8 8 11 19 14 18 12 17 16 8 14 30 8 14 
17 13 6 27 18 5 26 23 1 29 18 1 2 29 16 0 26 1 16 12 
49 26 25 59 26 7 32 31 13 22 41 5 7 16 17 10 13 12 21 38 
6 17 6 10 10 11 6 15 3 16 10 19 3 5 1 5 1 23 12 1 
6 5 9 7 2 8 8 12 16 10 5 0 23 8 33 2 11 9 24 26 
16 12 9 1 3 0 1 6 21 25 22 0 25 2 3 1 84 25 16 18 
0 7 0 1 6 5 0 33 0 2 5 0 1 3 12 5 13 6 1 12 
0 4 0 8 4 11 1 27 0 0 0 0 6 6 0 0 20 5 8 14 
19 8 4 17 8 3 0 14 0 26 7 0 11 6 24 3 7 13 20 22 
25 14 4 33 33 8 35 69 0 20 24 0 29 9 0 0 18 12 25 24 
39 1 5 11 15 3 1 11 0 17 25 0 14 5 14 3 0 10 9 13 
9 20 0 8 11 16 7 14 0 10 4 0 3 11 9 0 15 0 3 4 
27 23 1 7 17 0 11 27 7 17 19 5 13 4 23 6 15 1 22 9 
9 1 33 0 4 0 8 16 9 1 5 0 7 3 13 7 1 12 10 11 
9 3 0 3 5 8 5 11 0 1 3 0 0 15 0 4 6 4 3 0 
23 8 1 5 13 4 4 13 3 7 9 0 4 12 0 8 14 12 3 5 
33 12 10 3 11 0 5 4 6 11 3 25 1 3 10 9 26 16 4 0 
12 12 8 15 21 10 19 19 0 18 6 1 2 1 30 11 17 38 2 38 
7 5 3 6 4 3 10 17 8 2 4 0 0 13 3 3 9 6 10 3 
12 16 0 0 1 14 11 13 2 10 1 0 0 17 5 4 10 19 10 7 
3 4 17 13 8 2 7 25 4 16 8 6 7 9 0 8 12 14 4 7 
8 14 11 6 24 16 37 9 0 8 14 1 8 3 3 12 28 11 14 13 
4 7 1 10 28 13 6 63 7 16 2 1 23 9 16 0 37 4 20 13 
2 17 2 26 8 1 3 17 0 1 2 6 0 41 13 10 5 0 6 4 
4 18 3 17 9 25 21 16 0 10 16 0 11 5 0 0 34 10 0 37 
5 3 6 5 0 7 6 1 7 16 15 0 6 5 4 2 4 23 7 30 
23 5 10 2 9 3 0 16 16 4 1 17 4 3 6 3 6 19 5 18 
19 2 30 13 10 2 22 16 15 29 22 0 42 16 8 1 28 19 10 28 
20 3 0 2 5 0 0 2 8 2 10 5 16 12 32 0 2 10 5 4 
2 7 13 10 6 3 11 12 0 5 0 4 5 30 0 3 37 11 34 45 
13 28 7 27 6 30 5 16 0 11 2 0 6 10 2 4 17 16 3 13 
20 28 11 17 14 5 15 19 18 40 30 1 17 13 26 2 16 40 25 21 
28 8 7 5 0 12 4 3 8 20 11 19 5 13 12 6 7 27 11 0 
7 10 10 1 23 3 13 22 0 8 27 0 9 30 1 10 21 25 21 9 
7 8 8 16 6 0 16 12 5 0 12 13 2 19 2 0 12 3 4 1 
5 0 0 15 11 0 3 20 0 9 3 0 1 6 14 3 21 0 3 10 
3 10 1 13 4 0 0 9 5 0 10 13 2 9 2 0 9 0 3 1 
0 12 6 6 32 0 17 16 0 48 4 6 18 16 19 8 24 15 20 11 
5 44 13 19 6 1 8 11 0 4 9 4 0 0 12 0 4 11 5 16 
2 0 0 12 9 0 0 1 0 5 4 0 2 8 6 2 13 14 9 5 
26 2 6 23 9 3 11 49 0 8 16 3 6 7 0 7 7 42 10 13 
13 9 7 12 0 12 15 6 19 23 13 0 3 12 35 10 11 21 21 38 
8 9 12 9 10 7 12 18 0 10 6 0 1 10 8 8 33 10 19 4 
0 4 20 3 9 0 10 6 0 7 7 0 8 4 4 3 3 18 13 3 
9 4 1 7 7 3 8 11 6 12 9 0 18 0 21 3 25 17 13 20 
22 19 18 19 16 6 9 31 0 25 2 0 3 14 24 10 10 10 20 12 
12 14 15 22 7 0 2 15 0 9 12 0 3 15 13 3 7 20 13 6 
6 4 2 13 13 6 6 11 3 4 4 0 4 1 1 1 1 9 7 6 
8 0 8 5 5 2 9 19 4 8 7 0 16 14 13 0 13 15 14 18 
6 8 4 11 1 13 10 8 6 5 9 0 8 1 0 1 8 5 2 6 
8 1 2 5 10 0 17 25 0 0 12 0 0 2 6 12 7 13 5 11 
3 5 0 3 8 0 9 14 3 4 4 0 4 0 9 6 15 8 1 12 
19 2 10 15 8 0 2 6 3 12 23 0 5 3 41 6 20 2 1 22 
5 19 11 2 8 0 6 12 0 2 3 0 10 15 7 3 9 23 13 20 
8 7 10 23 34 3 30 13 2 13 5 8 1 13 13 9 5 19 9 5 
20 21 29 10 11 7 8 12 12 21 22 0 25 13 15 5 25 40 30 24 
12 11 3 17 10 1 7 14 0 12 15 0 10 0 22 0 9 21 12 8 
11 13 6 11 3 29 6 29 3 21 26 0 41 9 19 20 29 18 7 51 
19 4 12 0 2 1 3 5 14 13 15 19 3 5 13 10 11 15 18 10 
22 16 13 20 6 4 2 14 8 37 20 0 9 4 16 0 17 30 13 15 
1 4 0 4 13 0 5 15 1 0 8 0 6 14 4 2 20 8 6 9 
9 3 6 5 3 12 4 20 12 8 0 8 6 1 15 8 12 13 4 9 
12 10 15 6 3 4 7 10 17 22 5 0 1 9 2 9 6 14 2 24 
18 8 10 7 2 6 8 7 0 2 1 1 22 4 7 0 2 11 19 5 
0 3 0 4 11 0 1 8 13 12 6 3 5 5 9 10 9 26 4 17 
3 4 13 1 1 0 13 5 5 6 6 0 15 2 20 21 13 9 5 16 
11 3 12 1 7 0 6 12 7 15 10 0 6 1 25 10 1 14 5 12 
7 1 12 4 38 6 18 30 6 3 16 0 0 4 4 0 3 8 13 13 
2 1 0 8 24 15 12 13 3 1 3 0 0 9 12 0 18 18 17 20 
2 5 0 10 20 16 11 11 2 1 4 0 0 9 15 0 12 16 15 15 
15 5 0 16 6 0 9 15 0 13 3 1 10 6 2 6 22 8 8 19 
6 1 0 1 8 7 1 3 31 3 5 0 0 7 18 0 13 7 6 9 
14 7 13 15 7 2 12 16 1 5 9 7 2 20 17 3 6 25 11 6 
21 39 61 66 23 20 52 78 17 21 41 4 17 32 30 1 42 65 58 88 
8 14 28 16 9 2 10 26 8 6 8 13 11 16 7 7 10 4 5 6 
0 4 0 15 6 0 2 61 0 5 0 0 4 12 0 0 6 12 1 18 
7 0 4 21 6 2 12 9 0 12 6 0 0 25 17 8 0 2 0 1 
27 7 13 11 14 4 7 25 0 25 26 0 31 14 10 0 5 0 12 5 
9 4 4 0 13 0 0 4 5 8 4 1 8 1 13 3 0 17 15 1 
4 4 17 9 0 4 1 7 10 9 5 0 6 6 13 1 3 18 8 5 
14 22 0 25 6 2 5 11 4 1 6 5 6 8 1 1 8 27 8 18 
0 4 2 6 31 10 0 14 2 7 31 0 13 20 10 7 13 6 10 8 
5 8 4 10 4 0 42 21 0 10 16 3 16 14 12 6 14 14 7 12 
9 3 4 9 3 11 15 18 10 7 5 17 8 1 10 0 8 11 8 13 
0 0 7 9 10 0 12 11 8 10 8 2 13 9 9 0 5 20 6 9 
5 8 6 13 5 9 9 11 12 9 3 2 9 12 4 1 18 3 26 11 
32 7 13 12 21 0 7 23 0 27 24 1 28 16 11 0 9 0 8 7 
13 22 19 19 31 16 33 55 1 16 20 0 11 9 30 32 8 21 14 8 
13 5 16 16 0 1 19 6 0 22 14 0 12 23 1 20 0 3 0 11 
