1 -9.3
7 -13.1
4 -6.4
2 -5.3
8 -12.1
0 -6.5
3 -8.9
3 -11.6
0 -9.7
3 -10.5
5 -15.1
8 -10.7
0 -9.8
2 -11.7
2 -7.9
2 -8.3
1 -10.3
2 -7.4
5 -15.6
0 -10.1
1 -18.6
0 -7.4
11 -13.8
0 -10.4
0 -8.1
8 -13.1
2 -6.5
0 -6.8
3 -11.7
3 -7.4
4 -15.8
0 -7.5
0 -8.1
1 -13.6
0 -12.8
3 -11.1
5 -12.8
0 -10.7
2 -10
3 -8.9
3 -11.5
2 -7.8
4 -11.2
4 -9.6
2 -7.5
5 -13.6
7 -15.6
0 -9.5
2 -7.2
7 -14.2
2 -4.3
2 -8.1
3 -11.5
1 -12.5
1 -7.1
2 -11.2
2 -7
2 -9.1
6 -10.2
2 -11.7
3 -10.6
1 -6.7
1 -9.8
0 -7.2
2 -12.1
0 -10.2
2 -11
2 -12.3
0 -7.4
5 -12.7
0 -5.7
0 -6.8
0 -7.9
8 -7.5
3 -12.3
3 -7.4
1 -10.7
0 -9.6
1 -8.8
10 -14.5
1 -11.3
