1 4 7 20 5 18 29 60 24
1 0 10 11 10 31 23 54 32
0 0 1 8 6 17 26 38 20
1 7 33 8 26 18 3 77 19
2 2 8 12 16 31 24 63 32
2 3 12 8 9 15 6 41 14
2 3 12 17 7 23 21 55 30
0 0 9 7 29 46 10 80 21
5 3 13 15 3 20 8 47 20
3 2 22 10 14 15 7 64 9
2 3 24 17 15 43 19 82 41
0 1 19 16 11 28 15 68 22
0 3 15 18 19 27 10 59 33
1 3 35 7 33 32 1 99 13
1 2 16 13 9 23 24 63 25
3 14 24 21 10 18 13 76 27
0 0 15 3 7 33 15 56 17
1 3 10 12 5 20 10 36 25
7 21 30 31 21 36 22 115 53
2 5 12 7 6 17 11 43 17
0 4 18 11 22 25 5 64 21
4 7 20 13 8 18 9 58 21
5 1 14 25 18 59 28 104 46
0 1 8 5 14 21 8 35 22
1 4 8 13 1 8 15 30 20
1 5 19 17 12 33 16 77 26
1 2 12 10 2 21 21 49 20
1 3 14 12 3 16 11 31 29
4 11 19 30 3 30 33 84 46
2 8 17 6 10 6 6 45 10
6 17 36 30 14 30 12 108 37
1 1 12 4 20 38 12 60 28
1 2 7 9 4 9 19 33 18
5 9 30 16 17 24 6 83 24
6 11 28 29 17 32 15 106 32
0 3 8 17 5 20 17 42 28
4 13 29 23 12 26 29 104 32
2 7 12 11 3 25 10 46 24
5 4 12 23 10 15 27 64 32
1 5 6 6 7 13 8 30 16
3 4 15 16 23 40 12 83 30
2 8 13 6 10 13 5 45 12
1 12 33 26 4 19 9 65 39
1 4 14 13 19 26 6 77 6
2 1 13 10 11 22 10 46 23
1 4 14 17 20 27 6 80 9
2 2 17 20 10 36 14 59 42
1 2 8 8 17 25 11 50 22
9 17 19 14 1 3 2 52 13
0 0 21 5 19 32 20 88 9
0 1 7 12 8 23 15 37 29
2 4 8 15 2 8 22 41 20
4 2 21 9 16 16 7 65 10
3 7 23 13 6 11 4 57 10
2 25 30 20 13 20 2 78 34
2 3 23 18 5 18 13 47 35
2 5 10 17 7 28 26 58 37
1 5 11 16 8 14 13 48 20
1 4 18 24 10 34 13 56 48
2 2 8 8 16 35 14 60 25
1 1 27 8 19 25 7 74 14
1 1 10 5 8 19 7 39 12
3 6 16 12 6 34 27 73 31
1 2 6 8 6 12 13 33 15
1 11 10 17 5 26 9 37 42
3 5 28 30 16 28 14 86 38
4 3 14 10 5 19 10 45 20
3 5 19 12 10 23 8 61 19
0 2 2 22 6 21 26 54 25
1 6 17 22 13 28 18 69 36
1 1 3 12 1 5 20 25 18
5 8 9 2 4 8 1 27 10
4 8 9 3 6 13 6 38 11
0 3 21 18 11 31 9 65 28
0 0 10 6 20 27 8 58 13
0 0 9 7 16 27 12 52 19
2 7 21 13 14 33 2 65 27
1 2 9 6 13 24 6 48 13
1 6 17 14 9 18 17 63 19
2 1 13 11 12 27 13 65 14
0 0 9 9 14 25 7 43 21
