24 17 10 5 5 7 25 27 3 1 11 0 8 9 6 9 14 12 9 10 
19 2 8 15 2 8 11 38 9 31 14 9 1 0 10 10 3 13 16 1 
22 25 18 6 8 4 8 2 4 0 6 0 7 12 0 14 0 13 0 1 
3 2 5 9 1 2 2 23 2 35 33 1 22 37 4 0 15 10 23 19 
24 5 6 47 9 11 3 13 0 12 15 0 5 15 19 28 9 14 5 12 
2 4 15 5 1 0 2 5 8 1 16 0 4 9 18 1 5 17 12 5 
10 7 18 8 14 2 20 25 5 3 20 0 5 14 9 11 3 22 12 12 
20 0 7 3 15 12 4 0 20 9 11 0 13 30 41 26 7 5 0 7 
2 1 12 0 13 9 12 8 5 13 1 0 0 0 17 17 9 9 27 15 
27 1 0 3 3 0 3 4 10 9 17 2 11 9 28 2 9 23 22 1 
40 10 2 14 26 0 1 20 21 19 14 1 6 22 46 16 3 16 24 23 
26 13 8 4 14 10 9 3 6 27 7 32 2 0 9 10 22 19 5 0 
9 3 0 8 6 3 11 33 14 26 15 0 12 33 10 17 3 33 9 13 
18 2 0 6 6 0 0 9 13 52 5 3 47 6 51 5 22 21 24 0 
26 10 11 8 3 0 1 28 13 17 7 0 7 0 12 31 22 5 8 5 
10 20 5 11 12 13 7 19 0 10 41 8 14 5 7 5 17 36 34 30 
9 28 9 8 6 2 4 16 3 13 20 2 13 0 25 2 2 5 0 19 
5 11 5 1 17 0 9 21 0 5 11 0 11 8 5 8 4 15 9 9 
5 11 16 30 5 9 40 32 0 58 29 0 21 1 8 10 24 52 26 45 
1 6 14 5 13 0 4 4 8 1 11 0 4 8 18 2 6 13 13 13 
5 7 13 12 9 0 11 10 1 36 10 6 18 6 34 1 20 2 11 16 
6 8 2 16 0 1 6 16 1 22 8 4 6 10 17 3 13 18 28 17 
35 13 16 13 4 38 14 17 23 23 15 18 31 8 24 14 27 21 13 7 
1 3 0 1 16 5 18 18 0 6 3 0 19 24 11 19 11 6 2 5 
2 16 0 11 21 0 14 8 0 2 2 3 0 6 4 7 27 0 6 11 
29 5 10 6 19 0 7 2 17 21 17 0 27 1 35 4 5 15 19 23 
3 16 20 11 0 11 11 15 5 2 8 2 12 4 11 7 6 23 1 12 
5 1 4 22 22 0 12 3 0 2 22 0 3 4 5 7 5 13 9 17 
5 26 15 8 18 7 36 23 14 15 3 8 16 11 24 5 35 20 31 20 
0 0 2 2 13 6 4 6 0 12 18 0 2 14 9 2 22 8 12 14 
38 6 6 24 0 11 11 6 0 11 12 3 47 16 27 6 25 45 39 25 
1 18 4 8 2 0 16 29 9 10 17 2 18 27 21 13 3 10 11 3 
5 3 1 7 20 0 17 18 3 4 2 0 9 3 5 8 21 8 2 2 
9 18 9 6 17 0 2 5 4 11 32 0 10 14 42 2 43 11 13 18 
22 16 12 12 1 13 17 10 23 36 13 0 10 12 41 13 21 18 27 43 
6 1 10 13 10 11 18 13 0 2 2 0 4 13 17 7 16 6 13 4 
37 18 7 19 3 0 8 32 1 9 30 1 18 30 19 1 30 38 33 18 
9 9 29 17 1 0 0 15 0 18 7 0 1 19 13 0 23 0 19 10 
20 14 1 6 31 23 4 29 0 29 5 0 18 0 4 10 14 14 15 23 
10 0 1 9 10 0 5 4 7 10 12 5 0 0 10 3 8 13 2 9 
25 8 4 32 7 0 7 11 12 16 30 1 31 9 31 4 3 26 17 16 
6 0 2 1 21 7 0 4 0 13 2 1 16 5 13 3 21 6 14 7 
5 16 7 28 6 1 12 7 5 20 12 0 7 19 18 13 44 13 21 28 
22 2 8 0 2 0 0 11 17 36 29 2 18 5 15 0 0 25 15 5 
1 3 16 0 5 14 0 27 0 17 21 1 7 12 6 6 8 0 7 21 
30 4 9 0 4 0 2 11 20 33 37 3 11 5 16 0 0 26 18 5 
23 4 9 10 13 7 4 25 6 15 6 21 3 14 18 8 5 36 5 4 
6 11 3 18 8 0 11 8 9 13 13 4 19 16 8 15 1 14 6 5 
6 0 3 2 2 2 7 4 0 7 4 0 7 6 7 0 57 13 19 22 
31 16 9 1 2 4 2 33 0 29 21 14 24 0 17 3 6 5 1 16 
14 15 4 13 12 0 17 6 2 13 10 0 29 9 5 4 17 6 5 3 
11 26 0 0 1 19 11 17 2 7 0 2 1 13 1 5 15 15 5 11 
28 1 0 3 4 0 2 7 12 8 16 2 12 9 30 3 6 24 23 0 
10 5 0 2 3 0 7 4 14 6 9 0 17 0 23 7 26 5 13 23 
3 15 2 8 4 5 12 7 0 18 17 3 19 20 9 7 26 42 17 50 
5 5 14 6 14 3 10 26 0 11 9 5 1 16 5 11 11 27 23 0 
12 0 11 13 19 0 21 26 12 22 10 0 10 21 6 5 11 5 9 33 
7 17 14 4 0 4 13 14 4 12 7 0 19 2 12 3 11 18 3 16 
34 18 10 16 21 2 13 3 0 11 7 0 30 29 16 3 13 16 16 20 
3 10 21 19 20 0 4 7 6 11 18 2 3 11 40 11 5 10 4 9 
27 3 6 1 5 1 8 17 1 4 30 1 13 14 44 6 19 6 17 7 
13 7 5 6 0 2 11 2 0 9 10 0 12 6 16 2 15 1 2 9 
18 18 7 5 9 11 4 54 0 17 10 0 31 6 18 2 36 4 4 10 
0 2 5 8 5 2 15 19 3 11 2 0 9 11 14 0 8 16 6 0 
2 9 0 19 13 0 5 33 2 13 1 1 17 22 1 8 21 22 13 12 
27 3 19 8 10 11 12 21 0 21 21 0 14 22 25 13 13 25 13 50 
3 0 1 6 1 7 8 40 4 3 17 0 15 2 9 10 4 32 13 1 
17 14 0 9 6 0 0 5 17 20 5 4 20 3 32 0 1 29 22 6 
6 15 38 11 1 15 20 4 3 9 16 1 1 0 3 12 13 11 5 6 
4 9 22 31 2 3 2 33 2 29 23 12 0 15 14 0 14 31 8 14 
8 14 0 8 12 7 5 13 0 0 1 0 2 4 0 5 13 1 8 3 
1 7 0 1 6 0 0 0 0 0 1 0 7 12 8 0 16 3 9 15 
6 15 0 7 1 0 4 5 0 1 7 3 13 12 9 0 19 7 10 11 
26 13 8 6 13 0 5 5 5 16 3 29 1 11 13 10 28 19 5 0 
30 9 0 5 5 0 6 6 10 29 14 0 23 8 24 0 6 0 12 3 
30 8 0 5 15 0 6 6 10 27 6 0 23 8 24 0 4 0 13 3 
5 13 15 6 9 0 10 4 1 32 5 3 19 6 35 1 24 13 15 14 
15 7 4 7 0 1 10 3 6 10 10 0 23 8 14 7 14 1 3 11 
16 21 1 1 22 4 14 6 3 1 24 0 2 14 26 0 0 37 10 4 
32 11 19 3 0 0 3 22 0 18 18 16 16 0 19 3 7 11 4 16 
3 3 6 16 11 0 9 5 10 10 8 4 8 7 29 7 1 12 2 7 
