27 29 20 30 34 11 27 36 9 20 19 9 20 33 14 16 30 13 29 18 
27 23 15 34 10 2 10 23 8 29 26 10 17 12 10 5 16 7 12 8 
34 21 18 19 22 13 17 17 5 14 20 4 16 13 4 9 19 12 10 23 
37 40 31 35 10 8 33 54 16 49 42 12 17 30 28 19 26 42 33 40 
37 51 28 46 42 20 22 49 7 52 42 8 24 20 31 14 27 30 42 37 
11 8 11 10 5 1 9 17 6 8 10 1 3 6 11 7 6 9 9 12 
36 29 16 29 28 13 13 37 9 26 26 7 12 16 14 13 27 30 23 29 
43 26 38 49 25 13 25 39 9 69 45 24 21 34 32 15 34 18 24 36 
17 20 24 26 20 8 18 44 6 17 17 3 9 13 15 14 25 19 20 22 
33 23 12 20 15 5 9 26 12 37 30 12 20 17 16 3 14 24 18 7 
60 37 24 50 25 9 24 30 20 40 28 16 39 18 25 11 20 31 35 25 
28 28 13 24 12 3 10 20 8 28 25 16 16 11 8 2 18 9 11 7 
100 113 71 119 67 28 89 164 35 123 96 15 82 65 65 40 107 71 97 94 
40 29 24 35 23 5 15 37 16 83 54 18 31 20 24 8 27 21 26 17 
26 22 45 58 15 6 21 50 13 59 39 14 31 33 25 20 47 17 28 35 
50 46 36 47 26 9 19 62 6 29 34 10 12 22 9 13 22 42 40 36 
40 48 41 43 29 17 16 40 15 79 58 10 26 31 28 10 35 19 21 33 
18 32 17 25 22 8 14 39 6 15 18 10 13 12 17 5 34 14 21 23 
39 63 36 49 13 5 22 69 15 45 33 14 8 17 14 12 17 49 20 52 
11 9 11 10 6 1 9 17 6 8 8 1 3 6 11 7 6 10 9 12 
16 9 13 13 10 3 7 11 3 20 11 1 9 6 6 7 25 8 20 16 
33 30 21 26 27 6 10 29 5 18 26 7 12 18 20 10 28 14 27 34 
41 29 30 50 23 10 10 45 8 29 22 16 28 23 22 6 39 14 28 30 
8 10 19 23 6 3 10 21 4 23 14 4 17 17 10 7 20 7 11 17 
14 23 4 16 13 6 8 25 1 7 11 1 8 3 2 1 13 7 15 18 
41 33 35 50 24 5 23 36 10 70 56 10 28 22 28 9 39 15 30 29 
13 6 13 9 3 4 9 5 5 2 6 2 9 4 5 5 3 7 7 9 
54 53 21 55 53 16 22 48 13 31 45 5 24 21 18 11 35 34 36 55 
74 54 53 36 41 15 54 45 19 41 47 29 30 27 37 13 63 30 65 43 
41 50 33 66 64 22 42 99 12 51 50 20 29 50 29 25 61 48 63 60 
65 29 20 62 16 12 23 50 7 36 27 11 21 25 16 17 36 24 27 29 
25 47 13 34 18 8 22 78 2 25 39 8 20 34 24 12 43 22 28 48 
12 14 4 12 12 8 6 26 4 9 11 1 12 8 5 4 13 14 14 17 
41 36 33 54 19 4 22 45 11 72 58 12 29 29 33 6 40 19 30 33 
40 44 16 24 19 12 14 42 7 29 37 6 10 18 12 9 17 23 24 24 
41 35 44 42 39 28 33 68 9 33 21 14 31 36 49 32 37 44 51 53 
37 55 30 42 36 11 31 85 9 27 33 10 34 21 12 18 57 38 43 67 
23 14 22 22 19 5 8 30 4 29 30 5 18 15 13 3 19 4 16 10 
50 45 19 57 53 15 13 58 3 25 37 0 26 20 11 19 25 29 37 45 
5 6 14 12 9 4 8 11 3 17 7 20 9 6 8 3 15 6 11 14 
68 39 23 50 28 10 27 32 22 49 33 14 42 22 28 9 24 34 35 27 
13 17 6 20 19 7 7 18 0 13 13 5 11 13 13 5 18 14 24 18 
23 26 29 34 16 5 16 80 4 32 23 9 20 24 15 10 28 22 22 28 
44 34 27 35 21 7 18 34 15 79 50 18 32 21 21 8 28 23 24 22 
19 20 21 26 15 5 17 40 2 24 29 8 12 17 9 6 29 15 21 26 
42 32 27 36 22 7 17 35 16 77 50 16 29 19 22 8 28 22 25 21 
27 15 9 19 16 3 3 17 4 35 10 18 16 10 11 4 16 4 8 7 
20 21 20 23 21 3 13 35 7 28 26 11 24 12 15 10 30 13 18 20 
8 6 4 9 13 3 10 16 3 17 12 0 10 9 9 2 27 4 18 17 
39 43 12 34 10 5 6 20 1 36 23 6 24 7 16 6 13 5 11 8 
11 3 15 18 16 0 6 23 2 13 17 2 9 9 11 4 18 7 13 11 
19 25 11 24 29 12 19 38 4 24 17 6 12 19 13 6 34 22 24 43 
35 21 11 18 14 4 9 29 12 39 27 12 22 18 16 4 16 20 17 8 
44 33 29 32 20 6 17 35 11 57 56 13 24 24 25 10 45 11 24 25 
29 34 9 28 13 8 21 64 1 22 18 14 9 30 3 12 20 32 24 38 
35 20 19 45 23 9 20 42 6 35 24 12 10 21 14 20 19 36 26 14 
17 17 2 11 14 3 12 25 3 13 15 3 11 16 7 3 13 13 15 17 
13 18 16 20 18 6 14 39 5 8 17 3 21 11 16 5 26 15 23 26 
24 30 9 22 24 12 20 27 2 25 21 1 22 15 15 3 35 17 24 29 
27 26 18 20 23 3 18 25 9 32 30 8 12 15 22 9 15 13 18 18 
44 48 39 46 28 22 39 69 23 45 44 14 51 33 44 17 44 26 44 51 
26 14 10 23 12 9 13 23 2 28 25 4 26 12 25 9 34 8 24 16 
33 43 17 19 13 11 17 58 5 25 16 6 20 22 9 5 25 20 21 29 
43 47 56 54 44 33 50 85 9 62 49 14 37 32 33 17 66 35 46 61 
22 36 12 28 16 8 15 39 5 16 20 2 15 27 13 5 30 15 15 23 
50 50 31 47 19 8 19 35 7 46 23 0 27 33 21 11 20 26 32 15 
9 28 9 22 21 4 11 36 5 27 17 2 16 11 8 5 26 7 20 14 
23 18 6 17 10 2 4 13 7 22 17 12 20 6 10 1 11 22 14 8 
46 66 41 44 29 12 25 39 9 27 40 15 14 18 22 20 23 28 48 36 
50 43 52 77 26 27 21 72 11 79 64 24 22 36 31 16 31 28 36 57 
6 9 3 8 10 2 5 12 0 4 7 0 5 7 2 1 10 6 6 13 
37 23 20 17 16 7 22 31 8 15 25 3 25 12 18 9 42 12 27 29 
37 24 20 17 14 7 22 33 8 19 23 4 27 11 19 10 39 13 28 27 
31 20 12 18 17 3 7 16 4 35 13 18 19 11 14 3 18 8 8 6 
55 37 43 58 31 10 22 48 17 83 71 16 33 27 28 12 31 22 32 22 
55 37 43 58 32 10 22 48 17 83 70 16 36 27 28 12 31 22 29 22 
14 11 12 11 8 1 8 9 3 14 7 2 7 3 6 4 25 11 21 18 
24 14 10 23 12 9 13 23 4 28 24 4 27 12 25 10 33 8 24 16 
44 31 23 38 53 12 29 55 5 39 38 6 24 21 27 12 53 22 45 39 
36 17 8 17 7 2 7 11 2 25 32 10 15 2 13 3 5 9 9 5 
25 25 13 17 22 3 17 23 9 34 28 8 19 12 20 10 17 12 15 14 
