1 0 0 72 32 17 314 124 91 -9.3
6 1 0 79 24 16 329 110 66 -13.1
1 3 0 72 9 3 267 76 27 -6.4
2 0 0 103 14 20 576 145 107 -5.3
6 2 0 87 31 22 364 92 95 -12.1
0 0 0 33 18 21 162 83 66 -6.5
1 1 1 84 18 14 443 130 108 -8.9
2 1 0 69 45 9 294 140 45 -11.6
0 0 0 36 13 17 220 76 102 -9.7
3 0 0 49 28 5 279 124 55 -10.5
3 2 0 102 34 20 600 199 132 -15.1
4 2 2 91 37 16 361 139 56 -10.7
0 0 0 79 30 11 510 140 127 -9.8
1 1 0 75 40 8 423 181 57 -11.7
0 2 0 58 41 19 265 121 96 -7.9
1 0 1 102 39 21 450 134 147 -8.3
1 0 0 81 25 6 310 90 27 -10.3
0 1 1 56 14 18 233 88 81 -7.4
5 0 0 147 44 24 692 204 165 -15.6
0 0 0 40 16 13 202 63 48 -10.1
0 1 0 63 31 20 277 112 94 -18.6
0 0 0 76 12 18 370 126 123 -7.4
5 3 3 92 70 35 534 262 187 -13.8
0 0 0 47 8 13 246 35 76 -10.4
0 0 0 61 3 10 255 33 52 -8.1
6 1 1 84 19 19 431 85 108 -13.1
2 0 0 55 19 13 234 66 68 -6.5
0 0 0 26 20 18 219 105 125 -6.8
2 0 1 104 20 21 458 115 107 -11.7
2 1 0 34 17 7 284 97 107 -7.4
1 3 0 76 38 25 600 232 155 -15.8
0 0 0 79 24 12 418 137 110 -7.5
0 0 0 43 9 10 244 57 84 -8.1
1 0 0 72 22 10 457 136 110 -13.6
0 0 0 99 36 21 653 191 139 -12.8
3 0 0 69 20 17 365 87 92 -11.1
4 1 0 122 63 23 565 224 160 -12.8
0 0 0 61 27 15 381 125 131 -10.7
0 2 0 115 26 15 492 119 78 -10
3 0 0 59 14 5 172 49 26 -8.9
3 0 0 94 43 38 451 180 132 -11.5
2 0 0 44 14 11 221 50 80 -7.8
3 0 1 88 14 14 513 121 116 -11.2
3 1 0 81 30 6 324 146 55 -9.6
1 1 0 52 16 13 279 103 70 -7.5
3 2 0 78 34 7 326 160 62 -13.6
4 3 0 68 46 30 268 177 121 -15.6
0 0 0 67 25 27 282 91 104 -9.5
1 1 0 33 10 9 216 37 71 -7.2
5 2 0 105 32 8 406 196 82 -14.2
1 1 0 74 29 14 224 82 67 -4.3
2 0 0 53 10 23 210 89 119 -8.1
3 0 0 48 29 5 297 129 58 -11.5
1 0 0 44 16 6 261 141 60 -12.5
1 0 0 86 22 18 533 143 189 -7.1
0 1 1 70 15 14 299 78 104 -11.2
2 0 0 64 23 26 396 162 113 -7
2 0 0 62 17 9 268 60 66 -9.1
3 3 0 93 31 25 383 113 87 -10.2
2 0 0 82 23 8 454 118 62 -11.7
3 0 0 72 14 5 458 127 57 -10.6
1 0 0 61 20 4 316 122 54 -6.7
1 0 0 108 33 20 412 148 139 -9.8
0 0 0 38 9 8 256 82 95 -7.2
2 0 0 67 8 35 381 60 148 -12.1
0 0 0 92 29 17 591 258 175 -10.2
1 0 1 56 24 27 297 80 85 -11
2 0 0 67 36 12 293 133 65 -12.3
0 0 0 74 29 12 325 115 114 -7.4
2 1 2 99 32 32 425 158 75 -12.7
0 0 0 53 11 16 180 46 65 -5.7
0 0 0 29 5 13 235 68 74 -6.8
0 0 0 47 10 9 302 91 70 -7.9
4 3 1 87 33 16 307 137 98 -7.5
3 0 0 76 19 17 372 145 52 -12.3
3 0 0 80 17 15 376 138 53 -7.4
0 1 0 61 26 21 314 92 94 -10.7
0 0 0 66 19 3 337 139 58 -9.6
0 1 0 78 21 13 368 144 82 -8.8
5 5 0 73 47 12 352 131 63 -14.5
0 0 1 46 8 6 356 97 45 -11.3
