2102 1.12E-12
1792 1.49E-12
2068 5.40E-11
2065 1.10E-10
2248 2.00E-12
2219 3.00E-10
2231 1.70E-09
2258 5.20E-10
2226 3.10E-10
2288 1.20E-09
2263 2.50E-11
2310 1.70E-09
2223 5.60E-10
2224 1.30E-10
2253 1.70E-11
2234 1.90E-11
2241 3.30E-12
2224 1.70E-11
2220 4.60E-10
2378 1.80E-11
1636 1.62E-10
1750 1.00E-14
1813 1.00E-07
1816 1.57E-10
1809 1.17E-10
1814 2.64E-10
1844 5.30E-10
1820 1.40E-04
2045 3.00E-06
1923 1.68E-05
1613 1.24E-07
1222 1.20E-05
1139 6.60E-05
3728 1.07E-09
1447 9.50E-09
2317 4.00E-08
2858 9.10E-10
2622 3.40E-09
2656 1.00E-09
2131 1.08E-08
1847 2.00E-08
983 3.80E-07
2071 1.40E-09
2051 6.21E-08
2067 1.98E-08
1935 1.30E-08
1943 4.14E-09
2126 4.00E-06
2141 1.00E-09
1799 5.30E-08
1596 1.50E-08
1638 5.43E-13
1610 1.68E-12
1678 2.28E-11
1620 8.92E-13
1584 1.82E-14
1671 5.46E-13
1562 3.53E-10
1846 2.50E-07
1873 1.43E-08
1876 3.85E-08
1590 1.00E-04
1913 1.00E-05
1867 5.00E-06
1572 2.00E-05
1855 1.15E-06
1440 1.00E-05
1847 3.00E-09
924 5.31E-05
1945 3.20E-12
2325 4.00E-10
2183 1.09E-07
2714 2.30E-06
2375 1.62E-08
1992 6.00E-08
1795 1.50E-09
2061 2.80E-09
2109 3.00E-07
1419 6.35E-04
3113 5.00E-08
2295 4.00E-12
1737 3.00E-06
2090 2.30E-12
1390 1.15E-06
858 7.30E-08
2613 6.67E-10
2597 2.40E-09
2557 1.10E-09
2544 4.90E-09
1224 2.20E-08
3447 2.80E-07
3450 1.66E-07
3489 1.10E-10
1938 1.30E-06
2826 4.50E-08
2751 2.90E-06
1921 2.00E-10
2106 2.00E-09
1250 1.20E-06
1212 1.50E-08
2246 4.97E-11
2523 1.23E-11
2659 7.04E-11
2461 2.78E-09
3502 1.13E-06
3405 5.82E-07
3561 1.10E-09
1920 5.00E-14
1873 1.42E-08
3871 5.00E-16
4000 3.10E-14
3200 9.00E-10
2705 3.30E-11
2602 1.70E-05
2613 7.20E-06
2639 1.92E-06
2590 6.28E-06
2630 9.40E-06
872 2.16E-05
1535 2.40E-07
2759 3.60E-09
1453 1.42E-08
4085 2.60E-12
2344 4.55E-08
2322 3.00E-11
2024 5.26E-12
2107 1.64E-10
2315 2.94E-11
1864 1.79E-11
978 3.04E-07
1700 9.00E-06
1692 1.20E-05
1709 6.50E-05
1881 1.59E-05
1853 4.76E-07
1857 8.33E-09
1887 6.67E-05
1882 1.61E-07
1863 2.56E-08
1867 4.35E-07
1858 1.32E-07
1884 3.45E-06
1831 2.78E-05
1861 3.45E-08
1867 2.00E-08
1861 4.00E-09
1856 3.00E-09
1880 1.45E-09
1865 2.56E-07
1884 4.35E-07
1872 5.56E-09
1873 2.78E-09
1874 8.33E-08
1872 3.03E-10
1872 4.17E-10
1864 3.23E-10
1862 5.26E-09
1870 3.85E-09
2154 2.00E-08
2249 1.10E-09
2105 2.90E-07
2077 7.60E-08
2075 3.50E-08
2411 5.90E-08
4481 2.40E-09
1949 1.10E-07
2790 5.80E-08
2432 4.90E-06
2692 5.20E-06
2952 4.77E-11
2828 8.15E-08
3320 9.50E-06
3301 4.30E-05
3339 2.40E-08
2869 1.62E-06
2702 3.64E-06
2758 1.87E-06
2678 8.65E-07
2854 1.37E-07
2740 1.20E-06
3397 6.00E-10
3385 3.60E-05
3371 3.10E-05
2689 1.40E-04
2653 4.10E-06
2956 1.60E-06
2992 3.60E-08
2749 9.30E-06
2688 4.70E-06
2663 1.54E-05
2605 3.18E-05
2682 7.20E-06
2956 1.25E-05
2315 1.87E-05
2929 3.20E-06
2977 5.70E-06
3352 2.60E-05
3036 2.00E-09
2766 1.31E-09
3089 4.50E-09
2035 3.50E-07
1900 1.70E-08
3054 6.20E-09
2764 2.50E-09
2107 3.70E-10
2262 9.40E-11
