2.822990950471698
2.2130701471168255
3.282902275024325
3.3237462639901296
3.6886137207586036
1.4115640606948314
1.203933450457034
2.8842801319782034
-0.20045013448622956
2.298891781239367
4.207833663755784
-0.35052780065638217
3.098307930737666
3.503058381449222
2.3623623891629606
2.378173510631934
4.092702046736479
1.1933195341385407
1.8233656884628118
1.3927845164986836
0.707328293784941
0.7326288937042116
3.0653588499201856
0.06869849831667633
-1.90294845125746
3.936292798308874
1.572239190049227
-0.42617551501043655
-1.0146268414269213
1.8272941105321265
2.082001307659946
2.72336623569719
-0.6211443914644821
1.267159007918456
2.1201434391345853
-0.7483669593627288
6.030785062189272
3.142974752722434
2.5147755604659623
-0.6361052992690974
6.270637952171017
0.6211482531263586
0.7250326287207525
6.111500529288826
0.8969165008352404
5.416742439722419
2.166083452407333
1.3685639802877645
-2.159029449961857
3.9125204379648566
-0.2594436185482214
0.09072335859323154
2.4945024199339603
0.30675025493818464
2.30947876689584
1.1443697411947389
-0.3820475653907906
1.468170547002408
0.9077941785665422
3.1997993959256954
1.42885098691799
1.8550411678017675
1.366493081050058
0.7012977870822514
-1.349209465671879
3.665728980431808
1.6816192128172542
2.304953305521767
1.0452435623037302
-0.6424815596209092
-0.37914148696835503
-0.7973419246745179
0.9104739725781467
-0.5677688266543612
4.125705907561362
3.5358237641943155
1.6211481349230283
1.5890089843264998
4.019841889963098
3.125304398889784
0.9489477180909457
